937 636 59 48 880 540 416 462 499 859 897 471 514 187 133 616 381 320 551
849 926 499 187 410 619 816 122 721 685 801 106 253 328 372 819 596 206 225 124
458 825 361 852 848 790 495 225 528 101 914 902 456 693 426 909 400 415 66 144
51 662 821 660 205 758 73 160 625 428 297 876 986 418 458 820 70 805 928 397
191 802 958 763 895 623 292 491 480 141 831 779 705 586 946 997 154 67 962
1000 545 104 206 539 471 171 882 992 913 605 634 158 416 86 717 506 63
247 992 872 447 809 124 879 354 725 649 355 752 747 988 253 163 363 296 826 355
383 989 633 648 350 827 418 883 840 883 938 830 476 536 649 849 377 860 106
215 351 218 160 104 774 495 583 766 329 515 1000 214 651 865 545 771 197 358 151
70 42 772 147 712 880 338 123 640 464 313 308 70 912 728 593
689 597 705 98 930 717 382 403 616 98 175 226 287 323 944 174 737 416
274 161 756 172 689 544 175 889 480 337 765 915 625 643 559 803 568 309
334 868 961 987 175 947 154 842 893 300 509 87 229 958 143 764 527 929 343 709
597 223 308 369 992 847 556 436 221 272 429 164 740 809 219 175 609 745 296 372
106 209 793 906 916 783 332 328 990 696 623 890 327 302 826 869 242 105
802 82 624 375 883 391 732 635 628 436 555 295 770 460 239 412 169 943 315
77 796 499 976 100 653 250 598 256 648 72 46 684 501 302 665 331 59 989 642
358 327 507 292 753 560 880 205 552 432 93 464 235 907 304 331 854
844 463 412 394 384 330 585 582 763 713 568 336 135 686 170 932 285 152 752 361
783 186 284 985 195 298 570 743 151 261 231 152 664 554 894 689 773 468 156
363 266 682 385 543 893 161 781 50 473 293 753 210 762 934 376 65 457 247
774 171 895 777 426 924 902 868 45 960 556 809 707 484 528 362 62
199 344 885 471 686 189 838 255 668 759 385 358 717 231 379 738 968
270 366 309 553 943 653 775 695 304 674 272 375 365 555 305 796 725 235 498 134
627 741 866 824 66 220 247 676 133 434 55 496 72 779 447 767 766 386
524 600 891 74 214 751 484 614 49 712 564 97 431 831 147 96 582 88 718
403 958 126 65 989 99 646 739 478 712 74 774 151 191 64 382 823 176 169
983 281 944 227 179 90 107 739 947 690 897 442 989 179 801 136 96 550 203 329
756 935 215 659 339 273 230 101 916 506 785 340 358 837 864 280 239 417 724 924
451 487 722 690 515 886 241 962 321 696 226 156 297 303 743 331 80 899 879
790 490 529 635 827 157 660 932 235 791 542 85 613 74 870 72 922 249 370
663 746 263 887 241 847 738 824 240 609 322 713 632 425 974 206 141 575 215
775 113 518 156 42 584 787 487 592 776 344 927 555 467 986 664 224 996 773 276
302 787 296 273 403 50 704 308 869 164 275 398 744 959 401 215 693
972 129 551 531 408 44 833 600 847 374 75 230 685 329 642 723 657 246 295
975 831 921 481 904 249 51 269 923 877 370 672 123 607 607 450 441 759 619 147
876 739 609 354 680 241 586 936 163 570 661 508 888 298 394 335 177 957 578
577 304 584 395 187 969 676 127 67 417 848 717 73 908 979 211 176 566
736 948 782 220 816 299 569 405 571 880 685 123 408 85 938 254 726
458 470 985 996 712 397 456 153 355 415 745 516 832 754 250 381 780 296 68 792
416 198 240 114 533 958 647 708 483 882 550 896 668 464 283 231 912 601 779 433
888 798 219 655 554 809 238 73 782 945 279 985 165 660 734 671 224 702 501
84 879 667 354 732 812 434 991 77 353 299 779 390 393 849 225 848 524 445
47 266 44 920 621 552 431 197 444 913 739 160 522 967 761 360 583 950 140
439 579 81 901 55 437 381 792 775 656 847 871 535 398 585 640 116 736
789 196 424 898 865 102 470 80 163 51 100 534 385 162 49 412 197 626 285
609 775 324 478 884 507 488 899 329 151 278 759 766 651 610 611 974 367 846
83 828 129 729 461 722 127 492 475 68 238 49 353 869 191 792 380 662
628 943 607 204 128 341 997 183 143 444 354 856 109 690 761 991 464 546 262
609 935 950 600 886 594 662 592 570 889 69 586 831 748 197 61 894 220
441 194 432 136 922 122 633 696 787 697 553 94 577 470 355 718 961 512
625 113 227 537 682 261 693 504 688 335 143 980 229 863 668 288 570 391 589
736 410 567 821 469 647 106 374 148 801 160 101 237 74 406 677 131 427 861
841 326 706 44 956 203 565 463 285 136 258 590 642 997 327 314 396 475 131 848
675 223 828 286 790 867 921 982 110 454 503 466 583 877 109 897 287 272
970 561 84 719 279 734 517 941 238 901 362 635 562 56 101 196 304 751 291
751 266 149 800 133 682 47 505 439 159 847 152 940 517 249 133 622 86 789
915 594 908 326 618 251 178 994 269 919 441 41 262 947 281 991 77 245
307 729 561 842 414 155 485 585 616 389 65 550 555 387 581 642 719 444 146 165
349 255 323 909 345 515 348 998 556 362 408 802 900 486 580 106 818 647 238 755
989 472 463 289 412 101 330 259 926 162 433 525 749 447 326 266 843 215 547
793 365 747 516 792 237 242 638 71 385 777 854 940 849 397 294 445 553
720 377 397 453 303 827 313 58 793 193 399 574 531 369 337 900 763 840 202 236
359 317 377 493 509 632 810 382 965 892 894 76 146 111 549 378 127 476 532
905 702 154 270 598 233 477 45 725 890 950 253 595 659 134 397 245 876 311
322 911 520 42 512 303 584 278 519 651 385 320 326 559 892 448 954 832 53
525 326 493 866 801 307 701 550 548 840 225 464 749 692 99 624 423 725 293
93 804 88 691 655 664 583 264 343 778 290 331 212 156 656 122 176 773 678 831
732 357 825 298 732 263 682 558 718 615 430 760 54 43 418 623 442 372 441 360
783 59 799 264 216 176 601 930 974 922 889 401 395 989 775 656 586
807 278 853 108 214 143 689 256 519 244 807 502 400 119 685 161 558 630 307
149 731 357 189 181 433 556 976 635 177 726 574 498 976 914 900 228 121 330
215 782 411 310 747 417 320 316 427 241 286 193 46 847 994 655 822 209 616
66 312 722 289 681 263 394 326 834 390 212 281 133 156 793 767 582 357 747 886
72 589 795 296 186 403 283 223 363 994 415 825 436 490 797 844 574 976 637
987 296 394 247 122 689 42 118 185 47 602 321 203 268 571 106 150 514 393
566 256 120 162 435 219 854 868 583 415 305 224 910 948 770 244 981 637 631 43
639 441 191 631 442 774 388 810 649 777 235 405 215 506 426 994 817 169 476 351
483 413 54 416 767 837 545 911 811 115 545 374 929 621 977 281 750 946 335 217
615 314 722 741 341 310 651 452 246 908 337 241 521 990 237 117 372 164 652 609
288 283 169 572 139 883 809 64 799 798 680 762 333 45 50 711 957 921 1000 328
76 259 988 263 757 165 290 130 418 900 510 526 64 849 937 189 67 584 554 579
823 988 988 736 373 359 293 414 971 427 830 208 216 178 79 86 588 370
770 832 121 897 339 588 422 724 349 215 585 830 748 439 539 311 136 424 539 785
707 374 803 916 359 497 486 992 957 560 187 636 959 222 87 291 46 880 1000
657 183 110 761 226 766 259 267 326 374 650 80 864 811 506 62 527 204 829 193
280 497 893 214 458 724 735 116 742 798 705 948 450 628 677 861 68 401 462 268
705 730 698 332 558 300 84 984 456 617 637 825 579 290 931 759 396 425 290 72
736 45 290 240 705 412 666 793 390 999 41 880 176 492 445 335 288 850 93 308
689 99 391 263 676 851 578 251 429 698 810 578 649 546 753 645 357 625 162
599 478 956 129 105 203 224 282 491 591 504 873 910 999 120 824 364 845 987
765 915 530 467 244 734 68 52 354 642 184 917 116 542 469 517 810 199 154
308 124 798 552 290 270 525 170 76 168 778 549 173 161 66 862 867 460 212
365 439 194 478 684 542 464 98 429 887 355 306 64 565 173 409 601 664 214
885 275 753 379 252 422 512 958 47 523 161 402 657 241 493 787 49 292 890
882 433 268 160 199 824 92 772 795 335 338 876 166 241 321 801 161 721 106 518
248 313 183 400 44 783 684 796 315 447 426 317 449 46 85 686 392 386
815 225 212 91 918 343 636 741 616 447 718 784 356 580 737 531 826 300 568 896
664 223 576 401 45 402 122 766 285 110 219 355 883 662 227 671 497 691
191 397 463 164 364 980 327 842 566 968 800 124 594 902 996 107 419 849
